HLTV Player ID List
==================================================
Source: https://www.hltv.org/players
Total: 54 players
Generated: 2025-08-05 20:47:50
ID Range: 7322 - 24283
==================================================

   1. 7322
   2. 7716
   3. 7821
   4. 7964
   5. 7998
   6. 8371
   7. 8374
   8. 8552
   9. 8575
  10. 9216
  11. 9816
  12. 10330
  13. 10566
  14. 11139
  15. 11219
  16. 11840
  17. 12004
  18. 13666
  19. 15165
  20. 16147
  21. 16555
  22. 16705
  23. 16717
  24. 16723
  25. 17353
  26. 18053
  27. 18141
  28. 18571
  29. 18790
  30. 18865
  31. 18987
  32. 19235
  33. 19681
  34. 19926
  35. 20026
  36. 20112
  37. 20194
  38. 20357
  39. 20465
  40. 20607
  41. 20878
  42. 20941
  43. 20987
  44. 21014
  45. 21266
  46. 21348
  47. 21809
  48. 21983
  49. 22106
  50. 22702
  51. 22807
  52. 22904
  53. 23100
  54. 24283
